778
330
273
793
933
889
501
706
880
381
672
110
135
358
959
581
894
244
218
267
94
379
299
789
467
865
870
610
987
747
45
694
170
343
887
265
576
644
56
8
80
842
242
98
496
950
106
651
443
354
227
82
196
126
761
934
906
832
489
269
187
316
769
196
570
845
79
746
889
198
353
207
343
409
39
735
764
195
39
881
444
795
476
365
495
779
980
948
507
977
743
499
843
848
33
345
440
640
661
22
773
189
326
201
88
53
578
732
598
385
798
290
902
305
828
122
681
267
320
734
954
284
867
457
763
176
16
603
178
748
77
620
782
974
996
93
915
999
957
406
508
522
212
934
158
308
855
528
519
757
739
532
273
278
861
123
684
863
743
787
237
580
61
764
136
372
64
693
442
321
634
627
361
42
925
872
872
747
439
414
711
6
972
741
194
247
531
200
73
967
688
244
210
839
491
157
300
309
522
239
812
387
85
613
799
801
617
159
815
763
374
643
856
542
324
569
190
432
870
883
562
273
328
17
943
999
824
162
235
223
757
809
787
852
850
479
322
612
554
737
814
406
191
652
327
792
653
608
394
669
411
225
753
353
561
218
693
156
602
265
694
954
554
302
113
359
539
71
16
571
785
891
877
897
881
144
719
969
325
593
706
129
736
640
750
873
379
939
706
582
280
173
468
975
865
210
953
155
902
898
934
866
476
988
828
50
901
446
101
312
230
669
476
603
616
283
338
731
9
998
767
496
674
288
729
951
521
788
787
617
351
370
141
546
592
174
483
222
718
917
778
555
135
274
39
253
302
573
886
421
819
323
308
949
139
810
269
871
791
348
940
775
93
894
266
489
120
106
275
543
395
339
428
456
595
948
79
503
943
621
890
5
801
521
495
156
959
313
379
323
897
649
142
406
506
671
746
276
242
156
652
290
721
558
840
710
714
729
855
85
705
71
419
197
437
891
114
205
579
702
970
965
968
591
744
576
931
42
433
202
488
293
149
986
4
579
248
493
784
915
836
392
166
547
386
266
225
494
8
342
619
45
737
381
249
815
635
498
441
346
407
120
964
883
642
199
678
423
473
905
753
405
788
448
204
444
520
955
387
543
359
341
390
870
340
557
417
580
12
757
722
458
327
202
863
474
269
628
248
401
675
820
485
73
487
197
617
562
721
481
710
14
680
97
248
344
12
901
411
424
287
599
592
548
274
698
273
970
459
409
898
888
534
499
200
398
299
748
988
443
370
311
262
420
819
908
777
331
558
61
812
269
742
877
651
788
565
393
778
895
279
482
546
469
484
870
260
874
336
197
511
756
350
664
459
773
994
421
868
289
531
699
965
309
737
330
565
198
191
441
511
469
330
979
768
576
509
995
872
903
328
979
917
992
19
447
776
697
334
599
622
774
870
744
264
930
526
709
201
718
614
40
61
564
121
142
200
848
369
921
776
420
210
494
60
954
342
982
528
935
519
462
615
337
289
383
565
270
156
657
879
226
226
408
358
420
178
406
413
512
781
456
200
743
178
621
331
862
389
567
636
527
309
390
544
184
33
689
821
931
352
116
379
338
166
396
585
570
10
241
268
156
484
690
380
349
14
979
913
329
117
827
331
741
460
437
513
601
474
818
927
824
535
914
224
610
247
928
398
593
258
547
589
762
783
560
9
516
867
365
893
288
455
50
50
77
78
535
82
625
486
642
937
144
361
409
683
212
839
884
834
996
819
262
638
490
511
475
223
497
914
520
935
552
759
157
848
767
48
188
766
408
916
574
622
565
802
394
341
506
174
231
385
43
202
77
160
32
191
4
453
565
17
973
243
264
676
443
122
249
62
693
760
955
204
728
433
347
654
559
280
665
107
942
191
880
114
508
479
947
318
77
97
509
196
517
117
563
265
903
826
830
560
427
653
529
981
489
229
836
362
454
936
498
474
264
659
407
454
521
497
540
871
470
167
129
856
668
622
761
929
517
227
776
385
350
492
188
22
334
565
510
699
388
570
166
305
205
909
290
914
244
251
536
841
926
355
344
991
428
689
676
975
640
618
934
622
4
299
384
134
722
629
967
121
640
767
719
17
303
542
156
563
858
447
810
407
846
981
406
425
17
950
444
621
732
225
872
736
441
194
558
437
979
271
927
922
262
467
811
640
702
235
529
667
403
467
283
149
819
634
626
513
603
314
151
106
319
383
199
522
469
631
377
201
620
296
747
599
796
550
319
506
975
14
280
595
504
77
12
273
734
456
195
462
846
804
319
653
567
533
973
749
593
535
888
765
264
937
174